-0.06221111 0.06221111 0
-0.06221111 0.07998572 0
-0.07998572 0.07998572 0
-0.07998572 0.06221111 0
-0.04443651 0.06221111 0
-0.04443651 0.07998572 0
-0.02666191 0.06221111 0
-0.02666191 0.07998572 0
-0.008887301 0.06221111 0
-0.008887301 0.07998572 0
0.008887301 0.06221111 0
0.008887301 0.07998572 0
0.02666191 0.06221111 0
0.02666191 0.07998572 0
0.04443651 0.06221111 0
0.04443651 0.07998572 0
0.06221111 0.06221111 0
0.06221111 0.07998572 0
0.07998572 0.06221111 0
0.07998572 0.07998572 0
-0.02666191 0.04443651 0
-0.04443651 0.04443651 0
-0.06221111 0.04443651 0
-0.04443651 0.02666191 0
-0.06221111 0.02666191 0
-0.04443651 0.008887301 0
-0.06221111 0.008887301 0
-0.04443651 -0.008887301 0
-0.06221111 -0.008887301 0
-0.04443651 -0.02666191 0
-0.06221111 -0.02666191 0
-0.04443651 -0.04443651 0
-0.06221111 -0.04443651 0
-0.04443651 -0.06221111 0
-0.06221111 -0.06221111 0
-0.04443651 -0.07998572 0
-0.06221111 -0.07998572 0
-0.02666191 -0.07998572 0
-0.02744133 -0.05869139 -6.20842E-06
-0.02666191 -0.04443651 0
-0.02666191 -0.02666191 0
-0.02666191 -0.008887301 0
-0.02666191 0.008887301 0
-0.02666191 0.02666191 0
-0.008887301 -0.07998572 0
-0.01203117 -0.06574217 -6.20842E-06
-0.008887301 -0.04443651 0
-0.008887301 -0.02666191 0
-0.008887301 -0.008887301 0
-0.008887301 0.008887301 0
-0.008887301 0.02666191 0
-0.008887301 0.04443651 0
0.008887301 -0.07998572 0
0.004961014 -0.06964842 -6.20842E-06
0.006523514 -0.05187498 -6.20842E-06
0.008886795 -0.03136718 -6.20842E-06
0.008887301 -0.008887301 0
0.008887301 0.008887301 0
0.00849617 0.02980468 -6.20842E-06
0.008887301 0.04443651 0
0.02666191 -0.07998572 0
0.02666191 -0.06221111 0
0.02666191 -0.04443651 0
0.02666191 -0.02666191 0
0.02666191 -0.008887301 0
0.02666191 0.008887301 0
0.02666191 0.02666191 0
0.02666191 0.04443651 0
0.04443651 -0.07998572 0
0.04443651 -0.06221111 0
0.04443651 -0.04443651 0
0.04443651 -0.02666191 0
0.04443651 -0.008887301 0
0.04443651 0.008887301 0
0.04443651 0.02666191 0
0.04443651 0.04443651 0
0.06221111 -0.07998572 0
0.06221111 -0.06221111 0
0.06221111 -0.04443651 0
0.06221111 -0.02666191 0
0.06221111 -0.008887301 0
0.06221111 0.008887301 0
0.06221111 0.02666191 0
0.06221111 0.04443651 0
0.07998572 -0.07998572 0
0.07998572 -0.06221111 0
0.07998572 -0.04443651 0
0.07998572 -0.02666191 0
0.07998572 -0.008887301 0
0.07998572 0.008887301 0
0.07998572 0.02666191 0
0.07998572 0.04443651 0
-0.07998572 -0.06221111 0
-0.07998572 -0.07998572 0
-0.07998572 -0.04443651 0
-0.07998572 -0.02666191 0
-0.07998572 -0.008887301 0
-0.07998572 0.008887301 0
-0.07998572 0.02666191 0
-0.07998572 0.04443651 0
